{
    "animation": [
        {
            "name": "Root",
            "time": [0.0, 0.3333, 0.6667, 1.0, 1.3333, 1.6667, 2.0, 2.3333, 2.6667, 3.0, 3.3333, 3.6667, 4.0, 4.3333, 4.6667, 5.0, 5.3333, 5.6667, 6.0, 6.3333, 6.6667, 7.0, 7.3333, 7.6667, 8.0, 8.3333, 8.6667],
            "transform": [
                [1.0, 0.0, 0.0, -0.153935, 0.0, 0.0, -1.0, -0.123757, 0.0, 1.0, 0.0, 0.730204, 0.0, 0.0, 0.0, 1.0],
                [1.0, 0.0, 0.0, -0.153935, 0.0, 0.0, -1.0, -0.123757, 0.0, 1.0, 0.0, 0.730933, 0.0, 0.0, 0.0, 1.0],
                [1.0, 0.0, 0.0, -0.153935, 0.0, 0.0, -1.0, -0.123757, 0.0, 1.0, 0.0, 0.732286, 0.0, 0.0, 0.0, 1.0],
                [1.0, 0.0, 0.0, -0.153935, 0.0, 0.0, -1.0, -0.123757, 0.0, 1.0, 0.0, 0.733015, 0.0, 0.0, 0.0, 1.0],
                [1.0, 0.0, 0.0, -0.153935, 0.0, 0.0, -1.0, -0.123757, 0.0, 1.0, 0.0, 0.732286, 0.0, 0.0, 0.0, 1.0],
                [1.0, 0.0, 0.0, -0.153935, 0.0, 0.0, -1.0, -0.123757, 0.0, 1.0, 0.0, 0.730933, 0.0, 0.0, 0.0, 1.0],
                [1.0, 0.0, 0.0, -0.153935, 0.0, 0.0, -1.0, -0.123757, 0.0, 1.0, 0.0, 0.730204, 0.0, 0.0, 0.0, 1.0],
                [1.0, 0.0, 0.0, -0.153935, 0.0, 0.0, -1.0, -0.123757, 0.0, 1.0, 0.0, 0.730933, 0.0, 0.0, 0.0, 1.0],
                [1.0, 0.0, 0.0, -0.153935, 0.0, 0.0, -1.0, -0.123757, 0.0, 1.0, 0.0, 0.732286, 0.0, 0.0, 0.0, 1.0],
                [1.0, 0.0, 0.0, -0.153935, 0.0, 0.0, -1.0, -0.123757, 0.0, 1.0, 0.0, 0.733015, 0.0, 0.0, 0.0, 1.0],
                [1.0, 0.0, 0.0, -0.153935, 0.0, 0.0, -1.0, -0.123757, 0.0, 1.0, 0.0, 0.732286, 0.0, 0.0, 0.0, 1.0],
                [1.0, 0.0, 0.0, -0.153935, 0.0, 0.0, -1.0, -0.123757, 0.0, 1.0, 0.0, 0.730933, 0.0, 0.0, 0.0, 1.0],
                [1.0, 0.0, 0.0, -0.153935, 0.0, 0.0, -1.0, -0.123757, 0.0, 1.0, 0.0, 0.730204, 0.0, 0.0, 0.0, 1.0],
                [1.0, 0.0, 0.0, -0.153935, 0.0, 0.0, -1.0, -0.123757, 0.0, 1.0, 0.0, 0.730204, 0.0, 0.0, 0.0, 1.0],
                [1.0, 0.0, 0.0, -0.153935, 0.0, 0.0, -1.0, -0.123757, 0.0, 1.0, 0.0, 0.730204, 0.0, 0.0, 0.0, 1.0],
                [1.0, 0.0, 0.0, -0.153935, 0.0, 0.0, -1.0, -0.123757, 0.0, 1.0, 0.0, 0.730204, 0.0, 0.0, 0.0, 1.0],
                [1.0, 0.0, 0.0, -0.153935, 0.0, 0.0, -1.0, -0.123757, 0.0, 1.0, 0.0, 0.730204, 0.0, 0.0, 0.0, 1.0],
                [1.0, 0.0, 0.0, -0.153935, 0.0, 0.0, -1.0, -0.123757, 0.0, 1.0, 0.0, 0.730204, 0.0, 0.0, 0.0, 1.0],
                [1.0, 0.0, 0.0, -0.153935, 0.0, 0.0, -1.0, -0.123757, 0.0, 1.0, 0.0, 0.730204, 0.0, 0.0, 0.0, 1.0],
                [1.0, 0.0, 0.0, -0.153935, 0.0, 0.0, -1.0, -0.123757, 0.0, 1.0, 0.0, 0.730204, 0.0, 0.0, 0.0, 1.0],
                [1.0, 0.0, 0.0, -0.153935, 0.0, 0.0, -1.0, -0.123757, 0.0, 1.0, 0.0, 0.730204, 0.0, 0.0, 0.0, 1.0],
                [1.0, 0.0, 0.0, -0.153935, 0.0, 0.0, -1.0, -0.123757, 0.0, 1.0, 0.0, 0.730204, 0.0, 0.0, 0.0, 1.0],
                [1.0, 0.0, 0.0, -0.153935, 0.0, 0.0, -1.0, -0.123757, 0.0, 1.0, 0.0, 0.730204, 0.0, 0.0, 0.0, 1.0],
                [1.0, 0.0, 0.0, -0.153935, 0.0, 0.0, -1.0, -0.123757, 0.0, 1.0, 0.0, 0.730204, 0.0, 0.0, 0.0, 1.0],
                [1.0, 0.0, 0.0, -0.153935, 0.0, 0.0, -1.0, -0.123757, 0.0, 1.0, 0.0, 0.730204, 0.0, 0.0, 0.0, 1.0],
                [1.0, 0.0, 0.0, -0.153935, 0.0, 0.0, -1.0, -0.123757, 0.0, 1.0, 0.0, 0.730204, 0.0, 0.0, 0.0, 1.0],
                [1.0, 0.0, 0.0, -0.153935, 0.0, 0.0, -1.0, -0.123757, 0.0, 1.0, 0.0, 0.730204, 0.0, 0.0, 0.0, 1.0]
            ]
        },
        {
            "name": "Thigh_R",
            "time": [0.0, 0.3333, 0.6667, 1.0, 1.3333, 1.6667, 2.0, 2.3333, 2.6667, 3.0, 3.3333, 3.6667, 4.0, 4.3333, 4.6667, 5.0, 5.3333, 5.6667, 6.0, 6.3333, 6.6667, 7.0, 7.3333, 7.6667, 8.0, 8.3333, 8.6667],
            "transform": [
                [0.960719, -0.000549, 0.277522, 0.124994, -0.107636, -0.922459, 0.370786, -0.002831, 0.255799, -0.386092, -0.886284, -1.2e-05, 0.0, 0.0, 0.0, 1.0],
                [0.960697, -0.001545, 0.277595, 0.124994, -0.107544, -0.923964, 0.367046, -0.002831, 0.255921, -0.382473, -0.887817, -1.2e-05, 0.0, 0.0, 0.0, 1.0],
                [0.960656, -0.003441, 0.277719, 0.124994, -0.107374, -0.926778, 0.359932, -0.002831, 0.256146, -0.37559, -0.890686, -1.2e-05, 0.0, 0.0, 0.0, 1.0],
                [0.960634, -0.004491, 0.277781, 0.124994, -0.107283, -0.928304, 0.356004, -0.002831, 0.256267, -0.371789, -0.892244, -1.2e-05, 0.0, 0.0, 0.0, 1.0],
                [0.960656, -0.003441, 0.277719, 0.124994, -0.107374, -0.926778, 0.359932, -0.002831, 0.256146, -0.37559, -0.890686, -1.2e-05, 0.0, 0.0, 0.0, 1.0],
                [0.960697, -0.001545, 0.277595, 0.124994, -0.107544, -0.923963, 0.367046, -0.002831, 0.255921, -0.382473, -0.887817, -1.2e-05, 0.0, 0.0, 0.0, 1.0],
                [0.960719, -0.000549, 0.277522, 0.124994, -0.107636, -0.922458, 0.370786, -0.002831, 0.255799, -0.386092, -0.886284, -1.2e-05, 0.0, 0.0, 0.0, 1.0],
                [0.960697, -0.001545, 0.277595, 0.124994, -0.107544, -0.923964, 0.367046, -0.002831, 0.255921, -0.382473, -0.887817, -1.2e-05, 0.0, 0.0, 0.0, 1.0],
                [0.960656, -0.003441, 0.277719, 0.124994, -0.107374, -0.926778, 0.359932, -0.002831, 0.256146, -0.37559, -0.890686, -1.2e-05, 0.0, 0.0, 0.0, 1.0],
                [0.960634, -0.00449, 0.277781, 0.124994, -0.107283, -0.928304, 0.356004, -0.002831, 0.256267, -0.371789, -0.892244, -1.2e-05, 0.0, 0.0, 0.0, 1.0],
                [0.960656, -0.003441, 0.277719, 0.124994, -0.107374, -0.926778, 0.359932, -0.002831, 0.256146, -0.37559, -0.890686, -1.2e-05, 0.0, 0.0, 0.0, 1.0],
                [0.960697, -0.001545, 0.277595, 0.124994, -0.107544, -0.923963, 0.367046, -0.002831, 0.255921, -0.382473, -0.887817, -1.2e-05, 0.0, 0.0, 0.0, 1.0],
                [0.960719, -0.00055, 0.277522, 0.124994, -0.107636, -0.922459, 0.370786, -0.002831, 0.255799, -0.386092, -0.886284, -1.2e-05, 0.0, 0.0, 0.0, 1.0],
                [0.960719, -0.000549, 0.277522, 0.124994, -0.107636, -0.922459, 0.370786, -0.002831, 0.255799, -0.386092, -0.886284, -1.2e-05, 0.0, 0.0, 0.0, 1.0],
                [0.960719, -0.000549, 0.277522, 0.124994, -0.107636, -0.922459, 0.370786, -0.002831, 0.255799, -0.386092, -0.886284, -1.2e-05, 0.0, 0.0, 0.0, 1.0],
                [0.960719, -0.000549, 0.277522, 0.124994, -0.107636, -0.922459, 0.370786, -0.002831, 0.255799, -0.386092, -0.886284, -1.2e-05, 0.0, 0.0, 0.0, 1.0],
                [0.960719, -0.000549, 0.277522, 0.124994, -0.107636, -0.922459, 0.370786, -0.002831, 0.255799, -0.386092, -0.886284, -1.2e-05, 0.0, 0.0, 0.0, 1.0],
                [0.960719, -0.000549, 0.277522, 0.124994, -0.107636, -0.922459, 0.370786, -0.002831, 0.255799, -0.386092, -0.886284, -1.2e-05, 0.0, 0.0, 0.0, 1.0],
                [0.960719, -0.000549, 0.277522, 0.124994, -0.107636, -0.922459, 0.370786, -0.002831, 0.255799, -0.386092, -0.886284, -1.2e-05, 0.0, 0.0, 0.0, 1.0],
                [0.960719, -0.000549, 0.277522, 0.124994, -0.107636, -0.922459, 0.370786, -0.002831, 0.255799, -0.386092, -0.886284, -1.2e-05, 0.0, 0.0, 0.0, 1.0],
                [0.960719, -0.000549, 0.277522, 0.124994, -0.107636, -0.922459, 0.370786, -0.002831, 0.255799, -0.386092, -0.886284, -1.2e-05, 0.0, 0.0, 0.0, 1.0],
                [0.960719, -0.000549, 0.277522, 0.124994, -0.107636, -0.922459, 0.370786, -0.002831, 0.255799, -0.386092, -0.886284, -1.2e-05, 0.0, 0.0, 0.0, 1.0],
                [0.960719, -0.000549, 0.277522, 0.124994, -0.107636, -0.922459, 0.370786, -0.002831, 0.255799, -0.386092, -0.886284, -1.2e-05, 0.0, 0.0, 0.0, 1.0],
                [0.960719, -0.000549, 0.277522, 0.124994, -0.107636, -0.922459, 0.370786, -0.002831, 0.255799, -0.386092, -0.886284, -1.2e-05, 0.0, 0.0, 0.0, 1.0],
                [0.960719, -0.000549, 0.277522, 0.124994, -0.107636, -0.922459, 0.370786, -0.002831, 0.255799, -0.386092, -0.886284, -1.2e-05, 0.0, 0.0, 0.0, 1.0],
                [0.960719, -0.000549, 0.277522, 0.124994, -0.107636, -0.922459, 0.370786, -0.002831, 0.255799, -0.386092, -0.886284, -1.2e-05, 0.0, 0.0, 0.0, 1.0],
                [0.960719, -0.000549, 0.277522, 0.124994, -0.107636, -0.922459, 0.370786, -0.002831, 0.255799, -0.386092, -0.886284, -1.2e-05, 0.0, 0.0, 0.0, 1.0]
            ]
        },
        {
            "name": "Leg_R",
            "time": [0.0, 0.3333, 0.6667, 1.0, 1.3333, 1.6667, 2.0, 2.3333, 2.6667, 3.0, 3.3333, 3.6667, 4.0, 4.3333, 4.6667, 5.0, 5.3333, 5.6667, 6.0, 6.3333, 6.6667, 7.0, 7.3333, 7.6667, 8.0, 8.3333, 8.6667],
            "transform": [
                [1.0, -0.0, 1e-06, -0.0, -0.0, 0.878015, 0.47864, 0.374726, -1e-06, -0.478642, 0.878007, -0.0, 0.0, 0.0, 0.0, 1.0],
                [1.0, -0.0, 1e-06, -0.0, -0.0, 0.881729, 0.471762, 0.374726, -1e-06, -0.471764, 0.881721, -0.0, 0.0, 0.0, 0.0, 1.0],
                [1.0, -0.0, 1e-06, 0.0, -0.0, 0.888636, 0.458619, 0.374726, -1e-06, -0.458622, 0.888628, 0.0, 0.0, 0.0, 0.0, 1.0],
                [1.0, -0.0, 1e-06, 0.0, -0.0, 0.892361, 0.451328, 0.374726, -1e-06, -0.451331, 0.892353, 0.0, 0.0, 0.0, 0.0, 1.0],
                [1.0, -0.0, 1e-06, 0.0, -0.0, 0.888636, 0.458619, 0.374726, -1e-06, -0.458622, 0.888628, -0.0, 0.0, 0.0, 0.0, 1.0],
                [1.000001, -0.0, 1e-06, -0.0, -0.0, 0.881729, 0.471762, 0.374726, -1e-06, -0.471765, 0.881721, -0.0, 0.0, 0.0, 0.0, 1.0],
                [1.0, -0.0, 1e-06, -0.0, -0.0, 0.878015, 0.47864, 0.374726, -1e-06, -0.478643, 0.878007, 0.0, 0.0, 0.0, 0.0, 1.0],
                [1.0, -0.0, 1e-06, 0.0, -0.0, 0.881729, 0.471761, 0.374726, -1e-06, -0.471764, 0.881722, -0.0, 0.0, 0.0, 0.0, 1.0],
                [1.0, -0.0, 1e-06, 0.0, -0.0, 0.888636, 0.458619, 0.374726, -1e-06, -0.458621, 0.888628, 0.0, 0.0, 0.0, 0.0, 1.0],
                [1.0, -0.0, 1e-06, -0.0, -0.0, 0.892361, 0.451328, 0.374726, -1e-06, -0.451331, 0.892353, 0.0, 0.0, 0.0, 0.0, 1.0],
                [1.0, -0.0, 1e-06, 0.0, -0.0, 0.888636, 0.458619, 0.374726, -1e-06, -0.458622, 0.888628, 0.0, 0.0, 0.0, 0.0, 1.0],
                [1.000001, -0.0, 1e-06, -0.0, -0.0, 0.881729, 0.471762, 0.374726, -1e-06, -0.471765, 0.881721, -0.0, 0.0, 0.0, 0.0, 1.0],
                [1.0, -0.0, 1e-06, 0.0, -0.0, 0.878015, 0.478639, 0.374726, -1e-06, -0.478641, 0.878008, 0.0, 0.0, 0.0, 0.0, 1.0],
                [1.0, -0.0, 1e-06, -0.0, -0.0, 0.878015, 0.47864, 0.374726, -1e-06, -0.478642, 0.878007, -0.0, 0.0, 0.0, 0.0, 1.0],
                [1.0, -0.0, 1e-06, -0.0, -0.0, 0.878015, 0.47864, 0.374726, -1e-06, -0.478642, 0.878007, -0.0, 0.0, 0.0, 0.0, 1.0],
                [1.0, -0.0, 1e-06, -0.0, -0.0, 0.878015, 0.47864, 0.374726, -1e-06, -0.478642, 0.878007, -0.0, 0.0, 0.0, 0.0, 1.0],
                [1.0, -0.0, 1e-06, -0.0, -0.0, 0.878015, 0.47864, 0.374726, -1e-06, -0.478642, 0.878007, -0.0, 0.0, 0.0, 0.0, 1.0],
                [1.0, -0.0, 1e-06, -0.0, -0.0, 0.878015, 0.47864, 0.374726, -1e-06, -0.478642, 0.878007, -0.0, 0.0, 0.0, 0.0, 1.0],
                [1.0, -0.0, 1e-06, -0.0, -0.0, 0.878015, 0.47864, 0.374726, -1e-06, -0.478642, 0.878007, -0.0, 0.0, 0.0, 0.0, 1.0],
                [1.0, -0.0, 1e-06, -0.0, -0.0, 0.878015, 0.47864, 0.374726, -1e-06, -0.478642, 0.878007, -0.0, 0.0, 0.0, 0.0, 1.0],
                [1.0, -0.0, 1e-06, -0.0, -0.0, 0.878015, 0.47864, 0.374726, -1e-06, -0.478642, 0.878007, -0.0, 0.0, 0.0, 0.0, 1.0],
                [1.0, -0.0, 1e-06, -0.0, -0.0, 0.878015, 0.47864, 0.374726, -1e-06, -0.478642, 0.878007, -0.0, 0.0, 0.0, 0.0, 1.0],
                [1.0, -0.0, 1e-06, -0.0, -0.0, 0.878015, 0.47864, 0.374726, -1e-06, -0.478642, 0.878007, -0.0, 0.0, 0.0, 0.0, 1.0],
                [1.0, -0.0, 1e-06, -0.0, -0.0, 0.878015, 0.47864, 0.374726, -1e-06, -0.478642, 0.878007, -0.0, 0.0, 0.0, 0.0, 1.0],
                [1.0, -0.0, 1e-06, -0.0, -0.0, 0.878015, 0.47864, 0.374726, -1e-06, -0.478642, 0.878007, -0.0, 0.0, 0.0, 0.0, 1.0],
                [1.0, -0.0, 1e-06, -0.0, -0.0, 0.878015, 0.47864, 0.374726, -1e-06, -0.478642, 0.878007, -0.0, 0.0, 0.0, 0.0, 1.0],
                [1.0, -0.0, 1e-06, -0.0, -0.0, 0.878015, 0.47864, 0.374726, -1e-06, -0.478642, 0.878007, -0.0, 0.0, 0.0, 0.0, 1.0]
            ]
        },
        {
            "name": "Knee_R",
            "time": [0.0, 8.6667],
            "transform": [
                [1.0, 0.0, -0.0, -0.0, -0.0, 0.00567, -0.999984, 0.374726, -0.0, 0.999984, 0.00567, 0.0, 0.0, 0.0, 0.0, 1.0],
                [1.0, 0.0, -0.0, -0.0, -0.0, 0.00567, -0.999984, 0.374726, -0.0, 0.999984, 0.00567, 0.0, 0.0, 0.0, 0.0, 1.0]
            ]
        },
        {
            "name": "Thigh_L",
            "time": [0.0, 0.3333, 0.6667, 1.0, 1.3333, 1.6667, 2.0, 2.3333, 2.6667, 3.0, 3.3333, 3.6667, 4.0, 4.3333, 4.6667, 5.0, 5.3333, 5.6667, 6.0, 6.3333, 6.6667, 7.0, 7.3333, 7.6667, 8.0, 8.3333, 8.6667],
            "transform": [
                [0.973361, 0.116907, -0.197232, -0.125006, 0.136709, -0.986521, 0.089927, -0.002831, -0.18406, -0.114495, -0.976224, -1.2e-05, 0.0, 0.0, 0.0, 1.0],
                [0.973357, 0.117545, -0.196873, -0.125006, 0.136554, -0.986902, 0.085894, -0.002831, -0.184198, -0.11049, -0.976659, -1.2e-05, 0.0, 0.0, 0.0, 1.0],
                [0.973349, 0.11877, -0.196177, -0.125006, 0.136266, -0.987581, 0.078191, -0.002831, -0.184454, -0.102839, -0.977446, -1.2e-05, 0.0, 0.0, 0.0, 1.0],
                [0.973344, 0.119453, -0.195783, -0.125006, 0.136112, -0.987931, 0.07392, -0.002831, -0.184591, -0.098598, -0.977857, -1.2e-05, 0.0, 0.0, 0.0, 1.0],
                [0.973349, 0.11877, -0.196177, -0.125006, 0.136266, -0.987581, 0.078191, -0.002831, -0.184454, -0.102839, -0.977446, -1.2e-05, 0.0, 0.0, 0.0, 1.0],
                [0.973357, 0.117545, -0.196873, -0.125006, 0.136554, -0.986902, 0.085894, -0.002831, -0.184198, -0.11049, -0.976659, -1.2e-05, 0.0, 0.0, 0.0, 1.0],
                [0.973361, 0.116907, -0.197232, -0.125006, 0.136709, -0.986521, 0.089927, -0.002831, -0.18406, -0.114495, -0.976224, -1.2e-05, 0.0, 0.0, 0.0, 1.0],
                [0.973357, 0.117545, -0.196873, -0.125006, 0.136554, -0.986902, 0.085894, -0.002831, -0.184198, -0.11049, -0.976659, -1.2e-05, 0.0, 0.0, 0.0, 1.0],
                [0.973349, 0.11877, -0.196177, -0.125006, 0.136266, -0.987581, 0.078191, -0.002831, -0.184454, -0.102839, -0.977446, -1.2e-05, 0.0, 0.0, 0.0, 1.0],
                [0.973344, 0.119453, -0.195783, -0.125006, 0.136112, -0.987931, 0.07392, -0.002831, -0.184591, -0.098598, -0.977857, -1.2e-05, 0.0, 0.0, 0.0, 1.0],
                [0.973349, 0.11877, -0.196177, -0.125006, 0.136266, -0.987581, 0.078191, -0.002831, -0.184454, -0.102839, -0.977446, -1.2e-05, 0.0, 0.0, 0.0, 1.0],
                [0.973357, 0.117545, -0.196873, -0.125006, 0.136554, -0.986902, 0.085895, -0.002831, -0.184198, -0.11049, -0.976659, -1.2e-05, 0.0, 0.0, 0.0, 1.0],
                [0.973361, 0.116907, -0.197232, -0.125006, 0.136709, -0.986521, 0.089927, -0.002831, -0.18406, -0.114495, -0.976224, -1.2e-05, 0.0, 0.0, 0.0, 1.0],
                [0.973361, 0.116907, -0.197232, -0.125006, 0.136709, -0.986521, 0.089927, -0.002831, -0.18406, -0.114495, -0.976224, -1.2e-05, 0.0, 0.0, 0.0, 1.0],
                [0.973361, 0.116907, -0.197232, -0.125006, 0.136709, -0.986521, 0.089927, -0.002831, -0.18406, -0.114495, -0.976224, -1.2e-05, 0.0, 0.0, 0.0, 1.0],
                [0.973361, 0.116907, -0.197232, -0.125006, 0.136709, -0.986521, 0.089927, -0.002831, -0.18406, -0.114495, -0.976224, -1.2e-05, 0.0, 0.0, 0.0, 1.0],
                [0.973361, 0.116907, -0.197232, -0.125006, 0.136709, -0.986521, 0.089927, -0.002831, -0.18406, -0.114495, -0.976224, -1.2e-05, 0.0, 0.0, 0.0, 1.0],
                [0.973361, 0.116907, -0.197232, -0.125006, 0.136709, -0.986521, 0.089927, -0.002831, -0.18406, -0.114495, -0.976224, -1.2e-05, 0.0, 0.0, 0.0, 1.0],
                [0.973361, 0.116907, -0.197232, -0.125006, 0.136709, -0.986521, 0.089927, -0.002831, -0.18406, -0.114495, -0.976224, -1.2e-05, 0.0, 0.0, 0.0, 1.0],
                [0.973361, 0.116907, -0.197232, -0.125006, 0.136709, -0.986521, 0.089927, -0.002831, -0.18406, -0.114495, -0.976224, -1.2e-05, 0.0, 0.0, 0.0, 1.0],
                [0.973361, 0.116907, -0.197232, -0.125006, 0.136709, -0.986521, 0.089927, -0.002831, -0.18406, -0.114495, -0.976224, -1.2e-05, 0.0, 0.0, 0.0, 1.0],
                [0.973361, 0.116907, -0.197232, -0.125006, 0.136709, -0.986521, 0.089927, -0.002831, -0.18406, -0.114495, -0.976224, -1.2e-05, 0.0, 0.0, 0.0, 1.0],
                [0.973361, 0.116907, -0.197232, -0.125006, 0.136709, -0.986521, 0.089927, -0.002831, -0.18406, -0.114495, -0.976224, -1.2e-05, 0.0, 0.0, 0.0, 1.0],
                [0.973361, 0.116907, -0.197232, -0.125006, 0.136709, -0.986521, 0.089927, -0.002831, -0.18406, -0.114495, -0.976224, -1.2e-05, 0.0, 0.0, 0.0, 1.0],
                [0.973361, 0.116907, -0.197232, -0.125006, 0.136709, -0.986521, 0.089927, -0.002831, -0.18406, -0.114495, -0.976224, -1.2e-05, 0.0, 0.0, 0.0, 1.0],
                [0.973361, 0.116907, -0.197232, -0.125006, 0.136709, -0.986521, 0.089927, -0.002831, -0.18406, -0.114495, -0.976224, -1.2e-05, 0.0, 0.0, 0.0, 1.0],
                [0.973361, 0.116907, -0.197232, -0.125006, 0.136709, -0.986521, 0.089927, -0.002831, -0.18406, -0.114495, -0.976224, -1.2e-05, 0.0, 0.0, 0.0, 1.0]
            ]
        },
        {
            "name": "Leg_L",
            "time": [0.0, 0.3333, 0.6667, 1.0, 1.3333, 1.6667, 2.0, 2.3333, 2.6667, 3.0, 3.3333, 3.6667, 4.0, 4.3333, 4.6667, 5.0, 5.3333, 5.6667, 6.0, 6.3333, 6.6667, 7.0, 7.3333, 7.6667, 8.0, 8.3333, 8.6667],
            "transform": [
                [1.0, -0.0, 1e-06, -0.0, -0.0, 0.895423, 0.445216, 0.374726, -1e-06, -0.445217, 0.895422, 0.0, 0.0, 0.0, 0.0, 1.0],
                [1.000001, -0.0, 1e-06, -0.0, -0.0, 0.899137, 0.437668, 0.374726, -1e-06, -0.437668, 0.899136, -0.0, 0.0, 0.0, 0.0, 1.0],
                [1.0, -0.0, 1e-06, 0.0, -0.0, 0.906045, 0.423183, 0.374726, -1e-06, -0.423183, 0.906043, -0.0, 0.0, 0.0, 0.0, 1.0],
                [1.0, -0.0, 1e-06, 0.0, -0.0, 0.909769, 0.415117, 0.374726, -1e-06, -0.415117, 0.909768, -0.0, 0.0, 0.0, 0.0, 1.0],
                [1.0, -0.0, 1e-06, 0.0, -0.0, 0.906045, 0.423183, 0.374726, -1e-06, -0.423184, 0.906043, -0.0, 0.0, 0.0, 0.0, 1.0],
                [1.0, -0.0, 1e-06, 0.0, -0.0, 0.899137, 0.437668, 0.374726, -1e-06, -0.437668, 0.899136, -0.0, 0.0, 0.0, 0.0, 1.0],
                [1.0, -0.0, 1e-06, -0.0, -0.0, 0.895423, 0.445216, 0.374726, -1e-06, -0.445216, 0.895422, 0.0, 0.0, 0.0, 0.0, 1.0],
                [1.000001, -0.0, 1e-06, -0.0, -0.0, 0.899137, 0.437668, 0.374726, -1e-06, -0.437668, 0.899136, -0.0, 0.0, 0.0, 0.0, 1.0],
                [1.0, -0.0, 1e-06, 0.0, -0.0, 0.906045, 0.423183, 0.374726, -1e-06, -0.423183, 0.906043, -0.0, 0.0, 0.0, 0.0, 1.0],
                [1.0, -0.0, 1e-06, 0.0, -0.0, 0.909769, 0.415117, 0.374726, -1e-06, -0.415117, 0.909768, -0.0, 0.0, 0.0, 0.0, 1.0],
                [1.0, -0.0, 1e-06, 0.0, -0.0, 0.906044, 0.423183, 0.374726, -1e-06, -0.423183, 0.906043, -0.0, 0.0, 0.0, 0.0, 1.0],
                [1.0, -0.0, 1e-06, -0.0, -0.0, 0.899137, 0.437668, 0.374726, -1e-06, -0.437668, 0.899136, 0.0, 0.0, 0.0, 0.0, 1.0],
                [1.0, -0.0, 1e-06, -0.0, -0.0, 0.895423, 0.445216, 0.374726, -1e-06, -0.445216, 0.895422, 0.0, 0.0, 0.0, 0.0, 1.0],
                [1.0, -0.0, 1e-06, -0.0, -0.0, 0.895423, 0.445217, 0.374726, -1e-06, -0.445217, 0.895422, 0.0, 0.0, 0.0, 0.0, 1.0],
                [1.0, -0.0, 1e-06, -0.0, -0.0, 0.895423, 0.445216, 0.374726, -1e-06, -0.445216, 0.895422, 0.0, 0.0, 0.0, 0.0, 1.0],
                [1.0, -0.0, 1e-06, -0.0, -0.0, 0.895423, 0.445216, 0.374726, -1e-06, -0.445217, 0.895422, -0.0, 0.0, 0.0, 0.0, 1.0],
                [1.0, -0.0, 1e-06, -0.0, -0.0, 0.895423, 0.445216, 0.374726, -1e-06, -0.445216, 0.895422, 0.0, 0.0, 0.0, 0.0, 1.0],
                [1.0, -0.0, 1e-06, -0.0, -0.0, 0.895423, 0.445216, 0.374726, -1e-06, -0.445217, 0.895422, -0.0, 0.0, 0.0, 0.0, 1.0],
                [1.0, -0.0, 1e-06, 0.0, -0.0, 0.895423, 0.445216, 0.374726, -1e-06, -0.445217, 0.895422, -0.0, 0.0, 0.0, 0.0, 1.0],
                [1.0, -0.0, 1e-06, -0.0, -0.0, 0.895423, 0.445216, 0.374726, -1e-06, -0.445216, 0.895422, 0.0, 0.0, 0.0, 0.0, 1.0],
                [1.0, -0.0, 1e-06, 0.0, -0.0, 0.895423, 0.445216, 0.374726, -1e-06, -0.445217, 0.895422, -0.0, 0.0, 0.0, 0.0, 1.0],
                [1.0, -0.0, 1e-06, -0.0, -0.0, 0.895423, 0.445216, 0.374726, -1e-06, -0.445216, 0.895422, 0.0, 0.0, 0.0, 0.0, 1.0],
                [1.0, -0.0, 1e-06, 0.0, -0.0, 0.895423, 0.445216, 0.374726, -1e-06, -0.445217, 0.895422, -0.0, 0.0, 0.0, 0.0, 1.0],
                [1.0, -0.0, 1e-06, -0.0, -0.0, 0.895423, 0.445216, 0.374726, -1e-06, -0.445216, 0.895422, 0.0, 0.0, 0.0, 0.0, 1.0],
                [1.0, -0.0, 1e-06, -0.0, -0.0, 0.895423, 0.445216, 0.374726, -1e-06, -0.445217, 0.895422, -0.0, 0.0, 0.0, 0.0, 1.0],
                [1.0, -0.0, 1e-06, -0.0, -0.0, 0.895423, 0.445216, 0.374726, -1e-06, -0.445216, 0.895422, 0.0, 0.0, 0.0, 0.0, 1.0],
                [1.0, -0.0, 1e-06, -0.0, -0.0, 0.895423, 0.445216, 0.374726, -1e-06, -0.445217, 0.895422, -0.0, 0.0, 0.0, 0.0, 1.0]
            ]
        },
        {
            "name": "Knee_L",
            "time": [0.0, 8.6667],
            "transform": [
                [1.0, 0.0, -0.0, -0.0, -0.0, 0.00567, -0.999984, 0.374726, -0.0, 0.999984, 0.00567, 0.0, 0.0, 0.0, 0.0, 1.0],
                [1.0, 0.0, -0.0, 0.0, -0.0, 0.00567, -0.999984, 0.374726, -0.0, 0.999984, 0.00567, -0.0, 0.0, 0.0, 0.0, 1.0]
            ]
        },
        {
            "name": "Torso",
            "time": [0.0, 0.3333, 0.6667, 1.0, 1.3333, 1.6667, 2.0, 2.3333, 2.6667, 3.0, 3.3333, 3.6667, 4.0, 4.3333, 4.6667, 5.0, 5.3333, 5.6667, 6.0, 6.3333, 6.6667, 7.0, 7.3333, 7.6667, 8.0, 8.3333, 8.6667],
            "transform": [
                [1.0, 0.0, 0.0, 0.0, 0.0, 0.999031, 0.044015, 0.05, 0.0, -0.044015, 0.999031, 0.0, 0.0, 0.0, 0.0, 1.0],
                [1.0, 0.0, 0.0, 0.0, 0.0, 0.999031, 0.044015, 0.05, 0.0, -0.044015, 0.999031, 0.0, 0.0, 0.0, 0.0, 1.0],
                [1.0, 0.0, 0.0, 0.0, 0.0, 0.999031, 0.044015, 0.05, 0.0, -0.044015, 0.999031, 0.0, 0.0, 0.0, 0.0, 1.0],
                [1.0, 0.0, 0.0, 0.0, 0.0, 0.999031, 0.044015, 0.05, 0.0, -0.044015, 0.999031, 0.0, 0.0, 0.0, 0.0, 1.0],
                [1.0, 0.0, 0.0, 0.0, 0.0, 0.999031, 0.044015, 0.05, 0.0, -0.044015, 0.999031, 0.0, 0.0, 0.0, 0.0, 1.0],
                [1.0, 0.0, 0.0, 0.0, 0.0, 0.999031, 0.044015, 0.05, 0.0, -0.044015, 0.999031, 0.0, 0.0, 0.0, 0.0, 1.0],
                [1.0, 0.0, 0.0, 0.0, 0.0, 0.999031, 0.044015, 0.05, 0.0, -0.044015, 0.999031, 0.0, 0.0, 0.0, 0.0, 1.0],
                [1.0, 0.0, 0.0, 0.0, 0.0, 0.999031, 0.044015, 0.05, 0.0, -0.044015, 0.999031, 0.0, 0.0, 0.0, 0.0, 1.0],
                [1.0, 0.0, 0.0, 0.0, 0.0, 0.999031, 0.044015, 0.05, 0.0, -0.044015, 0.999031, 0.0, 0.0, 0.0, 0.0, 1.0],
                [1.0, 0.0, 0.0, 0.0, 0.0, 0.999031, 0.044015, 0.05, 0.0, -0.044015, 0.999031, 0.0, 0.0, 0.0, 0.0, 1.0],
                [1.0, 0.0, 0.0, 0.0, 0.0, 0.999031, 0.044015, 0.05, 0.0, -0.044015, 0.999031, 0.0, 0.0, 0.0, 0.0, 1.0],
                [1.0, 0.0, 0.0, 0.0, 0.0, 0.999031, 0.044015, 0.05, 0.0, -0.044015, 0.999031, 0.0, 0.0, 0.0, 0.0, 1.0],
                [1.0, 0.0, 0.0, 0.0, 0.0, 0.999031, 0.044015, 0.05, 0.0, -0.044015, 0.999031, 0.0, 0.0, 0.0, 0.0, 1.0],
                [1.0, 0.0, 0.0, 0.0, 0.0, 0.999031, 0.044015, 0.05, 0.0, -0.044015, 0.999031, 0.0, 0.0, 0.0, 0.0, 1.0],
                [1.0, 0.0, 0.0, 0.0, 0.0, 0.999031, 0.044015, 0.05, 0.0, -0.044015, 0.999031, 0.0, 0.0, 0.0, 0.0, 1.0],
                [1.0, 0.0, 0.0, 0.0, 0.0, 0.999031, 0.044015, 0.05, 0.0, -0.044015, 0.999031, 0.0, 0.0, 0.0, 0.0, 1.0],
                [1.0, 0.0, 0.0, 0.0, 0.0, 0.999031, 0.044015, 0.05, 0.0, -0.044015, 0.999031, 0.0, 0.0, 0.0, 0.0, 1.0],
                [1.0, 0.0, 0.0, 0.0, 0.0, 0.999031, 0.044015, 0.05, 0.0, -0.044015, 0.999031, 0.0, 0.0, 0.0, 0.0, 1.0],
                [1.0, 0.0, 0.0, 0.0, 0.0, 0.999031, 0.044015, 0.05, 0.0, -0.044015, 0.999031, 0.0, 0.0, 0.0, 0.0, 1.0],
                [1.0, 0.0, 0.0, 0.0, 0.0, 0.999031, 0.044015, 0.05, 0.0, -0.044015, 0.999031, 0.0, 0.0, 0.0, 0.0, 1.0],
                [1.0, 0.0, 0.0, 0.0, 0.0, 0.999031, 0.044015, 0.05, 0.0, -0.044015, 0.999031, 0.0, 0.0, 0.0, 0.0, 1.0],
                [1.0, 0.0, 0.0, 0.0, 0.0, 0.999031, 0.044015, 0.05, 0.0, -0.044015, 0.999031, 0.0, 0.0, 0.0, 0.0, 1.0],
                [1.0, 0.0, 0.0, 0.0, 0.0, 0.999031, 0.044015, 0.05, 0.0, -0.044015, 0.999031, 0.0, 0.0, 0.0, 0.0, 1.0],
                [1.0, 0.0, 0.0, 0.0, 0.0, 0.999031, 0.044015, 0.05, 0.0, -0.044015, 0.999031, 0.0, 0.0, 0.0, 0.0, 1.0],
                [1.0, 0.0, 0.0, 0.0, 0.0, 0.999031, 0.044015, 0.05, 0.0, -0.044015, 0.999031, 0.0, 0.0, 0.0, 0.0, 1.0],
                [1.0, 0.0, 0.0, 0.0, 0.0, 0.999031, 0.044015, 0.05, 0.0, -0.044015, 0.999031, 0.0, 0.0, 0.0, 0.0, 1.0],
                [1.0, 0.0, 0.0, 0.0, 0.0, 0.999031, 0.044015, 0.05, 0.0, -0.044015, 0.999031, 0.0, 0.0, 0.0, 0.0, 1.0]
            ]
        },
        {
            "name": "Chest",
            "time": [0.0, 0.3333, 0.6667, 1.0, 1.3333, 1.6667, 2.0, 2.3333, 2.6667, 3.0, 3.3333, 3.6667, 4.0, 4.3333, 4.6667, 5.0, 5.3333, 5.6667, 6.0, 6.3333, 6.6667, 7.0, 7.3333, 7.6667, 8.0, 8.3333, 8.6667],
            "transform": [
                [0.905646, 0.03877, -0.422258, 0.0, -0.018664, 0.998491, 0.051648, 0.3, 0.423623, -0.038894, 0.905003, 0.0, 0.0, 0.0, 0.0, 1.0],
                [0.905646, 0.03877, -0.422258, 0.0, -0.019721, 0.998585, 0.049389, 0.3, 0.423576, -0.036402, 0.905129, -0.0, 0.0, 0.0, 0.0, 1.0],
                [0.905646, 0.03877, -0.422258, 0.0, -0.021684, 0.998743, 0.045194, 0.3, 0.42348, -0.031774, 0.905348, 0.0, 0.0, 0.0, 0.0, 1.0],
                [0.905646, 0.03877, -0.422258, 0.0, -0.02274, 0.998819, 0.042935, 0.3, 0.423424, -0.029281, 0.905458, -0.0, 0.0, 0.0, 0.0, 1.0],
                [0.905646, 0.03877, -0.422258, 0.0, -0.021684, 0.998743, 0.045194, 0.3, 0.42348, -0.031774, 0.905348, 0.0, 0.0, 0.0, 0.0, 1.0],
                [0.905646, 0.03877, -0.422258, 0.0, -0.019721, 0.998585, 0.049389, 0.3, 0.423576, -0.036402, 0.905129, -0.0, 0.0, 0.0, 0.0, 1.0],
                [0.905646, 0.03877, -0.422258, 0.0, -0.018664, 0.998491, 0.051648, 0.3, 0.423624, -0.038894, 0.905003, 0.0, 0.0, 0.0, 0.0, 1.0],
                [0.905646, 0.03877, -0.422258, 0.0, -0.019721, 0.998585, 0.049389, 0.3, 0.423576, -0.036402, 0.905129, -0.0, 0.0, 0.0, 0.0, 1.0],
                [0.905646, 0.03877, -0.422258, 0.0, -0.021684, 0.998743, 0.045194, 0.3, 0.42348, -0.031774, 0.905348, 0.0, 0.0, 0.0, 0.0, 1.0],
                [0.905646, 0.03877, -0.422258, 0.0, -0.02274, 0.998819, 0.042935, 0.3, 0.423424, -0.029281, 0.905458, -0.0, 0.0, 0.0, 0.0, 1.0],
                [0.905646, 0.03877, -0.422258, 0.0, -0.021684, 0.998743, 0.045194, 0.3, 0.42348, -0.031774, 0.905348, 0.0, 0.0, 0.0, 0.0, 1.0],
                [0.905646, 0.03877, -0.422258, 0.0, -0.019721, 0.998585, 0.049389, 0.3, 0.423576, -0.036402, 0.905129, -0.0, 0.0, 0.0, 0.0, 1.0],
                [0.905646, 0.03877, -0.422258, 0.0, -0.018664, 0.998491, 0.051648, 0.3, 0.423624, -0.038894, 0.905003, 0.0, 0.0, 0.0, 0.0, 1.0],
                [0.905646, 0.03877, -0.422258, 0.0, -0.019526, 0.998568, 0.049806, 0.3, 0.423585, -0.036861, 0.905106, 0.0, 0.0, 0.0, 0.0, 1.0],
                [0.905646, 0.03877, -0.422258, 0.0, -0.021127, 0.9987, 0.046384, 0.3, 0.423508, -0.033087, 0.905288, 0.0, 0.0, 0.0, 0.0, 1.0],
                [0.905646, 0.03877, -0.422258, 0.0, -0.021989, 0.998765, 0.044542, 0.3, 0.423464, -0.031054, 0.905381, 0.0, 0.0, 0.0, 0.0, 1.0],
                [0.905646, 0.03877, -0.422258, 0.0, -0.021127, 0.9987, 0.046384, 0.3, 0.423508, -0.033087, 0.905288, 0.0, 0.0, 0.0, 0.0, 1.0],
                [0.905646, 0.03877, -0.422258, 0.0, -0.019526, 0.998568, 0.049806, 0.3, 0.423585, -0.036861, 0.905106, 0.0, 0.0, 0.0, 0.0, 1.0],
                [0.905646, 0.03877, -0.422258, 0.0, -0.018664, 0.998491, 0.051648, 0.3, 0.423623, -0.038894, 0.905003, 0.0, 0.0, 0.0, 0.0, 1.0],
                [0.905646, 0.03877, -0.422258, 0.0, -0.019526, 0.998568, 0.049806, 0.3, 0.423585, -0.036861, 0.905106, 0.0, 0.0, 0.0, 0.0, 1.0],
                [0.905646, 0.03877, -0.422258, 0.0, -0.021127, 0.9987, 0.046384, 0.3, 0.423508, -0.033087, 0.905288, 0.0, 0.0, 0.0, 0.0, 1.0],
                [0.905646, 0.03877, -0.422258, 0.0, -0.021989, 0.998765, 0.044542, 0.3, 0.423464, -0.031054, 0.905381, 0.0, 0.0, 0.0, 0.0, 1.0],
                [0.905646, 0.03877, -0.422258, 0.0, -0.021127, 0.9987, 0.046384, 0.3, 0.423508, -0.033087, 0.905288, 0.0, 0.0, 0.0, 0.0, 1.0],
                [0.905646, 0.03877, -0.422258, 0.0, -0.019526, 0.998568, 0.049806, 0.3, 0.423585, -0.036861, 0.905106, 0.0, 0.0, 0.0, 0.0, 1.0],
                [0.905646, 0.03877, -0.422258, 0.0, -0.018664, 0.998491, 0.051648, 0.3, 0.423623, -0.038894, 0.905003, 0.0, 0.0, 0.0, 0.0, 1.0],
                [0.905646, 0.03877, -0.422258, 0.0, -0.018664, 0.998491, 0.051648, 0.3, 0.423623, -0.038894, 0.905003, 0.0, 0.0, 0.0, 0.0, 1.0],
                [0.905646, 0.03877, -0.422258, 0.0, -0.018664, 0.998491, 0.051648, 0.3, 0.423623, -0.038894, 0.905003, 0.0, 0.0, 0.0, 0.0, 1.0]
            ]
        },
        {
            "name": "Head",
            "time": [0.0, 0.3333, 0.6667, 1.0, 1.3333, 1.6667, 2.0, 2.3333, 2.6667, 3.0, 3.3333, 3.6667, 4.0, 4.3333, 4.6667, 5.0, 5.3333, 5.6667, 6.0, 6.3333, 6.6667, 7.0, 7.3333, 7.6667, 8.0, 8.3333, 8.6667],
            "transform": [
                [0.935207, -0.032376, 0.352619, 0.0, 0.032376, 0.999458, 0.005899, 0.4, -0.352619, 0.005899, 0.935748, -0.0, 0.0, 0.0, 0.0, 1.0],
                [0.935207, -0.032376, 0.352619, 0.0, 0.032376, 0.999458, 0.005899, 0.4, -0.352619, 0.005899, 0.935748, -0.0, 0.0, 0.0, 0.0, 1.0],
                [0.935207, -0.032376, 0.352619, -0.0, 0.032376, 0.999458, 0.005899, 0.4, -0.352619, 0.005899, 0.935748, -0.0, 0.0, 0.0, 0.0, 1.0],
                [0.935207, -0.032376, 0.352619, -0.0, 0.032376, 0.999458, 0.005899, 0.4, -0.352619, 0.005899, 0.935748, -0.0, 0.0, 0.0, 0.0, 1.0],
                [0.935207, -0.032376, 0.352619, 0.0, 0.032376, 0.999458, 0.005899, 0.4, -0.352619, 0.005899, 0.935748, -0.0, 0.0, 0.0, 0.0, 1.0],
                [0.935207, -0.032376, 0.352619, 0.0, 0.032376, 0.999458, 0.005899, 0.4, -0.352619, 0.005899, 0.935748, -0.0, 0.0, 0.0, 0.0, 1.0],
                [0.935207, -0.032376, 0.352619, 0.0, 0.032376, 0.999458, 0.005899, 0.4, -0.352619, 0.005899, 0.935748, -0.0, 0.0, 0.0, 0.0, 1.0],
                [0.935207, -0.032376, 0.352619, 0.0, 0.032376, 0.999458, 0.005899, 0.4, -0.352619, 0.005899, 0.935748, -0.0, 0.0, 0.0, 0.0, 1.0],
                [0.935207, -0.032376, 0.352619, -0.0, 0.032376, 0.999458, 0.005899, 0.4, -0.352619, 0.005899, 0.935748, -0.0, 0.0, 0.0, 0.0, 1.0],
                [0.935207, -0.032376, 0.352619, -0.0, 0.032376, 0.999458, 0.005899, 0.4, -0.352619, 0.005899, 0.935748, -0.0, 0.0, 0.0, 0.0, 1.0],
                [0.935207, -0.032376, 0.352619, 0.0, 0.032376, 0.999458, 0.005899, 0.4, -0.352619, 0.005899, 0.935748, -0.0, 0.0, 0.0, 0.0, 1.0],
                [0.935207, -0.032376, 0.352619, 0.0, 0.032376, 0.999458, 0.005899, 0.4, -0.352619, 0.005899, 0.935748, -0.0, 0.0, 0.0, 0.0, 1.0],
                [0.935207, -0.032376, 0.352619, 0.0, 0.032376, 0.999458, 0.005899, 0.4, -0.352619, 0.005899, 0.935748, -0.0, 0.0, 0.0, 0.0, 1.0],
                [0.925962, -0.051078, 0.374146, 0.0, 0.037813, 0.998371, 0.042714, 0.4, -0.375719, -0.025404, 0.926385, 0.0, 0.0, 0.0, 0.0, 1.0],
                [0.903062, -0.090201, 0.419933, -0.0, 0.047093, 0.992599, 0.111936, 0.4, -0.426922, -0.081309, 0.900625, -0.0, 0.0, 0.0, 0.0, 1.0],
                [0.876259, -0.120152, 0.46662, -0.0, 0.054693, 0.986954, 0.151428, 0.4, -0.478727, -0.107169, 0.871398, 0.0, 0.0, 0.0, 0.0, 1.0],
                [0.857806, -0.128515, 0.497647, -0.0, 0.058423, 0.98634, 0.154012, 0.4, -0.510642, -0.103038, 0.853597, -0.0, 0.0, 0.0, 0.0, 1.0],
                [0.85117, -0.129816, 0.508584, -0.0, 0.05863, 0.986384, 0.15365, 0.4, -0.521606, -0.100964, 0.847192, 0.0, 0.0, 0.0, 0.0, 1.0],
                [0.851112, -0.122508, 0.510491, -0.0, 0.060143, 0.988743, 0.137006, 0.4, -0.521528, -0.085905, 0.848898, -0.0, 0.0, 0.0, 0.0, 1.0],
                [0.851748, -0.104564, 0.513412, -0.0, 0.064328, 0.99334, 0.095588, 0.4, -0.519988, -0.04839, 0.852802, 0.0, 0.0, 0.0, 0.0, 1.0],
                [0.852039, -0.080661, 0.517227, -0.0, 0.071767, 0.996727, 0.037215, 0.4, -0.518536, 0.005411, 0.855039, -0.0, 0.0, 0.0, 0.0, 1.0],
                [0.825178, -0.055379, 0.562152, -0.0, 0.082258, 0.996355, -0.022593, 0.4, -0.558852, 0.064885, 0.826725, -0.0, 0.0, 0.0, 0.0, 1.0],
                [0.79641, -0.041317, 0.603345, -0.0, 0.089441, 0.994739, -0.049942, 0.4, -0.598107, 0.093738, 0.795915, -0.0, 0.0, 0.0, 0.0, 1.0],
                [0.798236, -0.043092, 0.600802, -0.0, 0.089025, 0.994924, -0.04692, 0.4, -0.59573, 0.09094, 0.79802, 0.0, 0.0, 0.0, 0.0, 1.0],
                [0.811106, -0.050042, 0.582755, -0.0, 0.083873, 0.995988, -0.031212, 0.4, -0.578855, 0.074194, 0.812048, 0.0, 0.0, 0.0, 0.0, 1.0],
                [0.885134, -0.045322, 0.463125, 0.0, 0.055152, 0.998448, -0.007698, 0.4, -0.462058, 0.032356, 0.88626, -0.0, 0.0, 0.0, 0.0, 1.0],
                [0.935207, -0.032376, 0.352619, 0.0, 0.032376, 0.999458, 0.005899, 0.4, -0.352619, 0.005899, 0.935748, 0.0, 0.0, 0.0, 0.0, 1.0]
            ]
        },
        {
            "name": "Shoulder_R",
            "time": [0.0, 0.3333, 0.6667, 1.0, 1.3333, 1.6667, 2.0, 2.3333, 2.6667, 3.0, 3.3333, 3.6667, 4.0, 4.3333, 4.6667, 5.0, 5.3333, 5.6667, 6.0, 6.3333, 6.6667, 7.0, 7.3333, 7.6667, 8.0, 8.3333, 8.6667],
            "transform": [
                [0.0, 0.952114, 0.305743, 0.0, 0.0, -0.305743, 0.952114, 0.4, 1.0, 0.0, -0.0, -0.0, 0.0, 0.0, 0.0, 1.0],
                [0.0, 0.952114, 0.305743, 0.0, 0.0, -0.305743, 0.952114, 0.4, 1.0, 0.0, -0.0, -0.0, 0.0, 0.0, 0.0, 1.0],
                [0.0, 0.952114, 0.305743, -0.0, 0.0, -0.305743, 0.952114, 0.4, 1.0, -0.0, -0.0, -0.0, 0.0, 0.0, 0.0, 1.0],
                [0.0, 0.952114, 0.305743, -0.0, 0.0, -0.305743, 0.952114, 0.4, 1.0, 0.0, -0.0, -0.0, 0.0, 0.0, 0.0, 1.0],
                [0.0, 0.952114, 0.305743, 0.0, 0.0, -0.305743, 0.952114, 0.4, 1.0, -0.0, -0.0, -0.0, 0.0, 0.0, 0.0, 1.0],
                [0.0, 0.952114, 0.305743, 0.0, 0.0, -0.305743, 0.952114, 0.4, 1.0, 0.0, -0.0, -0.0, 0.0, 0.0, 0.0, 1.0],
                [0.0, 0.952114, 0.305743, 0.0, 0.0, -0.305743, 0.952114, 0.4, 1.0, -0.0, -0.0, -0.0, 0.0, 0.0, 0.0, 1.0],
                [0.0, 0.952114, 0.305743, 0.0, 0.0, -0.305743, 0.952114, 0.4, 1.0, 0.0, -0.0, -0.0, 0.0, 0.0, 0.0, 1.0],
                [0.0, 0.952114, 0.305743, -0.0, 0.0, -0.305743, 0.952114, 0.4, 1.0, -0.0, -0.0, -0.0, 0.0, 0.0, 0.0, 1.0],
                [0.0, 0.952114, 0.305743, -0.0, 0.0, -0.305743, 0.952114, 0.4, 1.0, 0.0, -0.0, -0.0, 0.0, 0.0, 0.0, 1.0],
                [0.0, 0.952114, 0.305743, 0.0, 0.0, -0.305743, 0.952114, 0.4, 1.0, -0.0, -0.0, -0.0, 0.0, 0.0, 0.0, 1.0],
                [0.0, 0.952114, 0.305743, 0.0, 0.0, -0.305743, 0.952114, 0.4, 1.0, 0.0, -0.0, -0.0, 0.0, 0.0, 0.0, 1.0],
                [0.0, 0.952114, 0.305743, 0.0, 0.0, -0.305743, 0.952114, 0.4, 1.0, -0.0, -0.0, -0.0, 0.0, 0.0, 0.0, 1.0],
                [0.0, 0.952114, 0.305743, 0.0, 0.0, -0.305743, 0.952114, 0.4, 1.0, -0.0, -0.0, 0.0, 0.0, 0.0, 0.0, 1.0],
                [0.0, 0.952114, 0.305743, -0.0, 0.0, -0.305743, 0.952114, 0.4, 1.0, 0.0, -0.0, -0.0, 0.0, 0.0, 0.0, 1.0],
                [0.0, 0.952114, 0.305743, -0.0, 0.0, -0.305743, 0.952114, 0.4, 1.0, -0.0, -0.0, 0.0, 0.0, 0.0, 0.0, 1.0],
                [0.0, 0.952114, 0.305743, -0.0, 0.0, -0.305743, 0.952114, 0.4, 1.0, 0.0, -0.0, -0.0, 0.0, 0.0, 0.0, 1.0],
                [0.0, 0.952114, 0.305743, -0.0, 0.0, -0.305743, 0.952114, 0.4, 1.0, -0.0, -0.0, 0.0, 0.0, 0.0, 0.0, 1.0],
                [0.0, 0.952114, 0.305743, -0.0, 0.0, -0.305743, 0.952114, 0.4, 1.0, -0.0, -0.0, -0.0, 0.0, 0.0, 0.0, 1.0],
                [0.0, 0.952114, 0.305743, -0.0, 0.0, -0.305743, 0.952114, 0.4, 1.0, -0.0, -0.0, 0.0, 0.0, 0.0, 0.0, 1.0],
                [0.0, 0.952114, 0.305743, -0.0, 0.0, -0.305743, 0.952114, 0.4, 1.0, 0.0, -0.0, -0.0, 0.0, 0.0, 0.0, 1.0],
                [0.0, 0.952114, 0.305743, -0.0, 0.0, -0.305743, 0.952114, 0.4, 1.0, -0.0, -0.0, -0.0, 0.0, 0.0, 0.0, 1.0],
                [0.0, 0.952114, 0.305743, -0.0, 0.0, -0.305743, 0.952114, 0.4, 1.0, 0.0, -0.0, -0.0, 0.0, 0.0, 0.0, 1.0],
                [0.0, 0.952114, 0.305743, -0.0, 0.0, -0.305743, 0.952114, 0.4, 1.0, -0.0, -0.0, 0.0, 0.0, 0.0, 0.0, 1.0],
                [0.0, 0.952114, 0.305743, -0.0, 0.0, -0.305743, 0.952114, 0.4, 1.0, -0.0, -0.0, 0.0, 0.0, 0.0, 0.0, 1.0],
                [0.0, 0.952114, 0.305743, 0.0, 0.0, -0.305743, 0.952114, 0.4, 1.0, -0.0, -0.0, -0.0, 0.0, 0.0, 0.0, 1.0],
                [0.0, 0.952114, 0.305743, 0.0, 0.0, -0.305743, 0.952114, 0.4, 1.0, 0.0, -0.0, 0.0, 0.0, 0.0, 0.0, 1.0]
            ]
        },
        {
            "name": "Arm_R",
            "time": [0.0, 0.3333, 0.6667, 1.0, 1.3333, 1.6667, 2.0, 2.3333, 2.6667, 3.0, 3.3333, 3.6667, 4.0, 4.3333, 4.6667, 5.0, 5.3333, 5.6667, 6.0, 6.3333, 6.6667, 7.0, 7.3333, 7.6667, 8.0, 8.3333, 8.6667],
            "transform": [
                [0.49296, -0.04414, -0.868932, -0.0, 0.815955, 0.370121, 0.444104, 0.39386, 0.302007, -0.927935, 0.218471, 0.0, 0.0, 0.0, 0.0, 1.0],
                [0.494615, -0.049546, -0.8677, 0.0, 0.814821, 0.373765, 0.44313, 0.393861, 0.302361, -0.926199, 0.22524, -0.0, 0.0, 0.0, 0.0, 1.0],
                [0.497683, -0.061565, -0.865172, -0.0, 0.812703, 0.381586, 0.440348, 0.393861, 0.303028, -0.922281, 0.239943, 0.0, 0.0, 0.0, 0.0, 1.0],
                [0.499334, -0.069939, -0.863583, -0.0, 0.811554, 0.386784, 0.437925, 0.393861, 0.303392, -0.919515, 0.249893, -0.0, 0.0, 0.0, 0.0, 1.0],
                [0.497683, -0.061565, -0.865172, 0.0, 0.812703, 0.381586, 0.440348, 0.393861, 0.303028, -0.922281, 0.239943, -0.0, 0.0, 0.0, 0.0, 1.0],
                [0.494614, -0.049544, -0.8677, 0.0, 0.814822, 0.373764, 0.443132, 0.39386, 0.302361, -0.9262, 0.225238, 0.0, 0.0, 0.0, 0.0, 1.0],
                [0.49296, -0.044139, -0.868932, -0.0, 0.815955, 0.370121, 0.444105, 0.39386, 0.302008, -0.927935, 0.21847, 0.0, 0.0, 0.0, 0.0, 1.0],
                [0.494615, -0.049546, -0.8677, 0.0, 0.814821, 0.373765, 0.44313, 0.393861, 0.302361, -0.926199, 0.22524, -0.0, 0.0, 0.0, 0.0, 1.0],
                [0.497683, -0.061565, -0.865172, -0.0, 0.812703, 0.381586, 0.440348, 0.393861, 0.303028, -0.922281, 0.239943, 0.0, 0.0, 0.0, 0.0, 1.0],
                [0.499334, -0.069939, -0.863583, -0.0, 0.811554, 0.386784, 0.437925, 0.393861, 0.303392, -0.919515, 0.249893, -0.0, 0.0, 0.0, 0.0, 1.0],
                [0.497683, -0.061565, -0.865172, 0.0, 0.812703, 0.381587, 0.440348, 0.393861, 0.303028, -0.922281, 0.239943, -0.0, 0.0, 0.0, 0.0, 1.0],
                [0.494614, -0.049543, -0.8677, 0.0, 0.814822, 0.373764, 0.443132, 0.39386, 0.302361, -0.9262, 0.225238, 0.0, 0.0, 0.0, 0.0, 1.0],
                [0.49296, -0.04414, -0.868932, -0.0, 0.815955, 0.370121, 0.444104, 0.39386, 0.302008, -0.927935, 0.218471, 0.0, 0.0, 0.0, 0.0, 1.0],
                [0.494174, -0.038616, -0.868506, 0.0, 0.815066, 0.368103, 0.4474, 0.393861, 0.302423, -0.928984, 0.213381, -0.0, 0.0, 0.0, 0.0, 1.0],
                [0.496432, -0.029013, -0.867591, 0.0, 0.813406, 0.364622, 0.453235, 0.393861, 0.303194, -0.930704, 0.204609, 0.0, 0.0, 0.0, 0.0, 1.0],
                [0.497651, -0.02415, -0.867042, 0.0, 0.812506, 0.362874, 0.456242, 0.39386, 0.303609, -0.931526, 0.200207, 0.0, 0.0, 0.0, 0.0, 1.0],
                [0.496432, -0.029014, -0.867591, -0.0, 0.813406, 0.364623, 0.453234, 0.39386, 0.303194, -0.930703, 0.204611, 0.0, 0.0, 0.0, 0.0, 1.0],
                [0.494174, -0.038618, -0.868506, 0.0, 0.815066, 0.368104, 0.4474, 0.39386, 0.302423, -0.928983, 0.213383, -0.0, 0.0, 0.0, 0.0, 1.0],
